"participant"	"1"	"2"	"3"	"4"	"5"	"6"
"AM_1"	-0.0222222222222222	0.0698412698412698	0.00579710144927537	-0.304	-0.0641975308641975	-0.0202020202020202
"AM_2"	-0.5125	-0.449122807017544	-0.317460317460317	-0.260869565217391	-0.32	-0.378494623655914
"AM_3"	0.0205128205128205	-0.0521739130434782	0.138666666666667	-0.0395061728395062	0.101149425287356	-0.100900900900901
"BS_1"	-0.133333333333333	-0.0317460317460317	-0.0115942028985508	-0.0693333333333333	-0.0839506172839506	-0.0274509803921569
"BS_2"	-0.0533333333333333	0.0518518518518519	-0.0466666666666666	-0.0545454545454546	-0.0444444444444444	0.0137931034482758
"BS_3"	-0.194871794871795	-0.0611111111111111	-0.0923076923076923	-0.142857142857143	-0.182222222222222	-0.136842105263158
"CS_1"	-0.0666666666666667	-0.201680672268908	-0.0350877192982456	2.08166817117217e-17	-0.0463768115942029	-0.16551724137931
"CS_2"	0	0	-0.00666666666666667	-0.0242424242424242	-0.0277777777777778	0
"CS_3"	-0.146666666666667	0.0941176470588235	0.0280701754385965	0.190476190476191	-0.063768115942029	-0.275862068965517
"FP_1"	-0.106666666666667	-0.463157894736842	-0.438095238095238	-0.585507246376812	-0.112	-0.733333333333333
"FP_2"	-0.0666666666666667	-0.00740740740740743	-0.0266666666666667	-0.339393939393939	-0.477777777777778	0.305376344086021
"FP_3"	-0.0615384615384615	-0.139130434782609	-0.0213333333333333	-0.469135802469136	-0.147126436781609	-0.544144144144144
"JR_1"	-0.0888888888888889	-0.05	-0.0296296296296296	-0.18	-0.0181818181818182	-0.0839506172839506
"JR_2"	0.303030303030303	0.217543859649123	0.266666666666667	0.330434782608696	0.138666666666667	0.0903225806451613
"JR_3"	0.082051282051282	0.0579710144927536	-0.048	-0.074074074074074	0.0919540229885058	-0.00370370370370369
"NG_1"	-0.0166666666666667	-0.161904761904762	-0.075	-0.0296296296296296	0.0666666666666667	-0.0611111111111111
"NG_2"	-0.109090909090909	-0.0350877192982456	-0.101587301587302	-0.0347826086956522	-0.0506666666666667	-2.22080744997448e-17
"NG_3"	-0.211111111111111	-0.133333333333333	-0.110144927536232	-0.208	-0.192592592592593	-0.149019607843137
"SA_1"	-0.254545454545455	0.0280701754385965	-0.0634920634920634	-0.00579710144927534	-0.0746666666666667	0.0516129032258065
"SA_2"	0.470588235294118	0.0148148148148148	-0.1	-0.109090909090909	2.5638815220294e-17	-0.105747126436782
"SA_3"	-0.277777777777778	-0.36	-0.424242424242424	-0.127777777777778	-0.266666666666667	-0.325
