"participant"	"-2"	"-1"	"0"	"1"	"2"	"3"
"AM_1"	0.8	0.6	0.466666666666667	0.266666666666667	0.333333333333333	0.4
"AM_2"	0.875	0.466666666666667	0.2	0.466666666666667	0.428571428571429	0.2
"AM_3"	0.8	0.466666666666667	0.4	0.4	0.466666666666667	0.266666666666667
"BS_1"	1	0.6	0.466666666666667	0.266666666666667	0.533333333333333	0.0666666666666667
"BS_2"	0.666666666666667	0.6	0.466666666666667	0.333333333333333	0	0.333333333333333
"BS_3"	0.6	0.533333333333333	0.0666666666666667	0.333333333333333	0.333333333333333	0.133333333333333
"CS_1"	0.866666666666667	0.285714285714286	0.8	0.6875	0.266666666666667	0.2
"CS_2"	0.933333333333333	0.6	0.666666666666667	0.266666666666667	0.333333333333333	0.0666666666666667
"CS_3"	1	0.533333333333333	0.533333333333333	0.4	0.4	0.266666666666667
"FP_1"	1	0.466666666666667	0.533333333333333	0.666666666666667	0.2	0.533333333333333
"FP_2"	1	0.6	0.333333333333333	0.666666666666667	0.4	0.333333333333333
"FP_3"	0.933333333333333	0.733333333333333	0.466666666666667	0.2	0.6	0.333333333333333
"JR_1"	1	0.6	0.533333333333333	0.4	0.4	0.333333333333333
"JR_2"	0.8	0.4	0.733333333333333	0.466666666666667	0.6	0.4
"JR_3"	0.8	0.866666666666667	0.466666666666667	0.266666666666667	0.466666666666667	0.333333333333333
"NG_1"	0.933333333333333	0.466666666666667	0.533333333333333	0.333333333333333	0.266666666666667	0.133333333333333
"NG_2"	0.866666666666667	0.4	0.333333333333333	0.2	0.466666666666667	0.2
"NG_3"	0.733333333333333	0.333333333333333	0.466666666666667	0.2	0.133333333333333	0.0666666666666667
"SA_1"	0.733333333333333	0.733333333333333	0.266666666666667	0.266666666666667	0.133333333333333	0.4
"SA_2"	0.470588235294118	0.666666666666667	0.466666666666667	0.4	0.153846153846154	0.333333333333333
"SA_3"	1	0.866666666666667	0.6	0.533333333333333	0.333333333333333	0.466666666666667
