"participant"	"-2"	"-1"	"0"	"1"	"2"	"3"
"AM_1"	0.91585155	0.91575395	0.58923225	0.58923225	0.38677695	0.40246665
"AM_2"	0.89594015	0.89736115	0.4752687	0.4752687	0.2699903	0.2825299
"AM_3"	0.9286139	0.92532015	0.6714881	0.6714881	0.487852	0.50538515
"BS_1"	0.9175623	0.91547855	0.60595475	0.60595475	0.40889975	0.41540345
"BS_2"	0.8818977	0.88143735	0.41802625	0.41802625	0.21436355	0.22189955
"BS_3"	0.9353845	0.9303032	0.71682065	0.71682065	0.55361905	0.5669725
"CS_1"	0.872126	0.8728133	0.37874815	0.37874815	0.1874819	0.1874819
"CS_2"	0.89066955	0.8876038	0.4595125	0.4595125	0.25015645	0.25015645
"CS_3"	0.8785952	0.8803525	0.39391045	0.39391045	0.2006362	0.21025
"FP_1"	0.8916979	0.89155895	0.45619635	0.45619635	0.250283	0.2556659
"FP_2"	0.89304795	0.8918828	0.47057715	0.47057715	0.2601743	0.2689012
"FP_3"	0.92843985	0.93018975	0.67989855	0.67989855	0.50160015	0.5145577
"JR_1"	0.85885005	0.86076845	0.32659615	0.32659615	0.14998285	0.1519112
"JR_2"	0.898587	0.90267315	0.51091005	0.51091005	0.302504	0.31802625
"JR_3"	0.9282228	0.9245959	0.66951245	0.66951245	0.48580345	0.49458935
"NG_1"	0.80965815	0.8220213	0.2027997	0.2027997	0.07814025	0.0802656
"NG_2"	0.89258225	0.8960824	0.47925265	0.47925265	0.2713926	0.287541
"NG_3"	0.91275415	0.9113747	0.5744322	0.5744322	0.37021115	0.3773164
"SA_1"	0.8982987	0.8982987	0.49107235	0.49107235	0.2875713	0.29392525
"SA_2"	0.8737503	0.8780937	0.4006544	0.4006544	0.2038879	0.2089437
"SA_3"	0.90345345	0.90351075	0.52471805	0.52471805	0.31313995	0.33411055
