"participant"	"-2"	"-1"	"0"	"1"	"2"	"3"
"AM_1"	0.884275446666667	0.567469436666667	0.472473986666667	0.433775623333333	0.344474096666667	0.256759393333333
"AM_2"	0.799266953125	0.49545373	0.46147508	0.425765783333333	0.404385214285714	0.342201706666667
"AM_3"	0.840568346666667	0.53405182	0.490563163333333	0.416345106666667	0.363075926666667	0.20060318
"BS_1"	0.88344725	0.58268864	0.493049473333333	0.404782083333333	0.33311327	0.122902516666667
"BS_2"	0.878893803333333	0.55941656	0.45680046	0.365189513333333	0.298274423333333	0.126285843333333
"BS_3"	0.854903143333333	0.52739859	0.457807976666667	0.413883776666667	0.382537196666667	0.287593976666667
"CS_1"	0.878113973333333	0.582201939285714	0.495274496666667	0.386443775	0.29937679	0.153524953333333
"CS_2"	0.90069835	0.58673615	0.48244038	0.388096733333333	0.307396233333333	0.12086895
"CS_3"	0.833317066666667	0.570853373333333	0.503033966666667	0.42510319	0.338935033333333	0.280612413333333
"FP_1"	0.889079046666667	0.49434523	0.46565626	0.469590323333333	0.382309126666667	0.47666835
"FP_2"	0.8896979	0.568289203333333	0.50219974	0.459623606666667	0.434284906666667	0.36145259
"FP_3"	0.880317863333333	0.535257596666667	0.500673113333333	0.472046186666667	0.414916146666667	0.445951406666667
"JR_1"	0.89391202	0.603301536666667	0.49620119	0.409878733333333	0.303862363333333	0.14822555
"JR_2"	0.900562183333333	0.589552643333333	0.531290233333333	0.47467551	0.44801972	0.353543103333333
"JR_3"	0.84151312	0.536436963333333	0.464638073333333	0.40422986	0.349745486666667	0.180835133333333
"NG_1"	0.88728432	0.539548026666667	0.47395195	0.409328513333333	0.296240756666667	0.275921996666667
"NG_2"	0.86368033	0.547300463333333	0.47573748	0.39301807	0.3392812	0.15645096
"NG_3"	0.855199463333333	0.529980713333333	0.453846953333333	0.40290262	0.34902683	0.17697444
"SA_1"	0.839913693333333	0.562072983333333	0.488625656666667	0.430397643333333	0.349904486666667	0.203246013333333
"SA_2"	0.605509555882353	0.548065623333333	0.47709912	0.41163057	0.390762365384615	0.226048756666667
"SA_3"	0.764984266666667	0.512131553333333	0.465898563333333	0.462787593333333	0.407974723333333	0.37648521
