"participant"	"-2"	"-1"	"0"	"1"	"2"	"3"
"AM_1"	0.9064884	0.74004795	0.530692	0.4738115	0.5002247	0.49683115
"AM_2"	0.9070261	0.72335345	0.5117754	0.50660815	0.4987851	0.49622105
"AM_3"	0.91302085	0.75344545	0.56510875	0.5087994	0.50497735	0.24356685
"BS_1"	0.9098147	0.7688903	0.5531708	0.4982572	0.49895615	0.49611855
"BS_2"	0.89517795	0.73757055	0.50856085	0.5041831	0.49781205	0.49604135
"BS_3"	0.9212312	0.7706266	0.59787425	0.54296065	0.4198057	0.27563855
"CS_1"	0.88592815	0.74682515	0.4993232	0.4977193	0.49567295	0.495166
"CS_2"	0.90192575	0.7648993	0.5100722	0.50527	0.49819995	0.49598725
"CS_3"	0.8921776	0.7441704	0.509492	0.5047568	0.4979323	0.49587275
"FP_1"	0.90250875	0.72144855	0.5070516	0.50318285	0.4975302	0.4959454
"FP_2"	0.9044784	0.76731065	0.5130914	0.50746325	0.4990036	0.4960494
"FP_3"	0.9099863	0.7475857	0.5776052	0.5257371	0.40313425	0.2721857
"JR_1"	0.88815515	0.7425464	0.50186505	0.49937815	0.49612595	0.4953617
"JR_2"	0.898587	0.75004955	0.51091005	0.4483728	0.4992137	0.4963778
"JR_3"	0.9127578	0.7540937	0.56373765	0.5075167	0.50445995	0.4981655
"NG_1"	0.87514125	0.7388202	0.50495255	0.5013355	0.4966139	0.4956457
"NG_2"	0.89258225	0.7349645	0.50898015	0.50457225	0.4980305	0.49595075
"NG_3"	0.9037509	0.7419317	0.51693345	0.4602143	0.4985634	0.49599275
"SA_1"	0.8982987	0.7311834	0.5049816	0.50170715	0.49701365	0.49560055
"SA_2"	0.8890805	0.72716725	0.5012171	0.4990316	0.49609135	0.49536605
"SA_3"	0.89080775	0.73345815	0.4920526	0.42922125	0.4996294	0.49656555
