1,188,NaN,8,0
1,188,NaN,4,0
1,188,3,3,1
1,188,NaN,10,0
1,188,9,9,1
1,188,NaN,5,0
1,188,NaN,7,0
1,188,5,5,1
1,188,7,7,1
1,188,8,8,1
1,188,NaN,10,0
1,188,4,4,1
1,100,3,3,1
1,100,NaN,3,0
1,100,NaN,6,0
1,100,8,8,1
1,100,1,1,1
1,100,NaN,10,0
1,100,NaN,2,0
1,100,NaN,10,0
1,100,6,6,1
1,100,7,7,1
1,100,NaN,1,0
1,100,4,4,1
1,246,NaN,4,0
1,246,NaN,9,0
1,246,5,6,0
1,246,7,3,0
1,246,10,1,0
1,246,5,9,0
1,246,NaN,5,0
1,246,10,10,1
1,246,NaN,9,0
1,246,2,2,1
1,246,NaN,8,0
1,246,NaN,5,0
1,304,5,5,1
1,304,10,2,0
1,304,8,5,0
1,304,3,6,0
1,304,NaN,8,0
1,304,10,10,1
1,304,10,4,0
1,304,2,7,0
1,304,7,5,0
1,304,10,6,0
1,304,NaN,2,0
1,304,7,3,0
1,410,3,1,0
1,410,1,5,0
1,410,8,9,0
1,410,10,1,0
1,410,4,3,0
1,410,10,6,0
1,410,3,2,0
1,410,8,10,0
1,410,3,3,1
1,410,9,4,0
1,410,2,9,0
1,410,10,3,0
1,140,2,2,1
1,140,NaN,3,0
1,140,9,9,1
1,140,8,8,1
1,140,5,5,1
1,140,10,10,1
1,140,NaN,8,0
1,140,NaN,4,0
1,140,3,7,0
1,140,2,2,1
1,140,4,4,1
1,140,NaN,2,0
1,450,6,3,0
1,450,7,7,1
1,450,7,9,0
1,450,1,2,0
1,450,1,9,0
1,450,9,1,0
1,450,6,6,1
1,450,1,1,1
1,450,6,7,0
1,450,6,2,0
1,450,6,1,0
1,450,6,7,0
1,362,10,1,0
1,362,5,8,0
1,362,4,8,0
1,362,9,4,0
1,362,10,4,0
1,362,10,6,0
1,362,4,9,0
1,362,2,10,0
1,362,NaN,7,0
1,362,10,7,0
1,362,4,8,0
1,362,NaN,5,0
2,304,4,4,1
2,304,7,10,0
2,304,4,7,0
2,304,10,9,0
2,304,NaN,9,0
2,304,10,1,0
2,304,NaN,10,0
2,304,7,5,0
2,304,7,6,0
2,304,7,3,0
2,304,8,6,0
2,304,8,1,0
2,188,NaN,7,0
2,188,NaN,10,0
2,188,NaN,1,0
2,188,NaN,4,0
2,188,NaN,2,0
2,188,8,8,1
2,188,NaN,7,0
2,188,2,2,1
2,188,1,1,1
2,188,NaN,2,0
2,188,6,2,0
2,188,8,8,1
2,362,5,5,1
2,362,NaN,4,0
2,362,10,8,0
2,362,7,6,0
2,362,10,9,0
2,362,5,7,0
2,362,3,9,0
2,362,4,3,0
2,362,10,10,1
2,362,4,8,0
2,362,4,4,1
2,362,10,7,0
2,246,5,5,1
2,246,7,8,0
2,246,5,5,1
2,246,7,8,0
2,246,NaN,2,0
2,246,NaN,2,0
2,246,NaN,7,0
2,246,NaN,6,0
2,246,7,1,0
2,246,8,1,0
2,246,7,6,0
2,246,7,8,0
2,100,NaN,2,0
2,100,NaN,9,0
2,100,8,8,1
2,100,10,10,1
2,100,4,4,1
2,100,7,7,1
2,100,NaN,8,0
2,100,4,4,1
2,100,6,6,1
2,100,5,5,1
2,100,NaN,4,0
2,100,9,9,1
2,140,NaN,2,0
2,140,2,2,1
2,140,10,10,1
2,140,9,9,1
2,140,10,10,1
2,140,NaN,5,0
2,140,9,9,1
2,140,NaN,1,0
2,140,NaN,7,0
2,140,NaN,2,0
2,140,1,1,1
2,140,2,1,0
2,410,6,6,1
2,410,4,5,0
2,410,8,5,0
2,410,4,6,0
2,410,8,3,0
2,410,8,9,0
2,410,4,8,0
2,410,5,3,0
2,410,10,9,0
2,410,4,5,0
2,410,5,1,0
2,410,7,3,0
2,450,4,3,0
2,450,3,10,0
2,450,4,3,0
2,450,4,4,1
2,450,8,4,0
2,450,4,5,0
2,450,4,10,0
2,450,4,7,0
2,450,7,3,0
2,450,4,6,0
2,450,9,7,0
2,450,2,10,0
3,410,7,4,0
3,410,10,2,0
3,410,10,7,0
3,410,7,9,0
3,410,10,1,0
3,410,7,8,0
3,410,8,9,0
3,410,10,8,0
3,410,4,4,1
3,410,10,9,0
3,410,5,6,0
3,410,4,9,0
3,362,5,5,1
3,362,4,4,1
3,362,5,7,0
3,362,5,8,0
3,362,10,9,0
3,362,10,10,1
3,362,4,4,1
3,362,5,7,0
3,362,NaN,3,0
3,362,4,2,0
3,362,5,7,0
3,362,10,2,0
3,304,4,5,0
3,304,4,4,1
3,304,10,5,0
3,304,10,10,1
3,304,7,5,0
3,304,10,7,0
3,304,NaN,5,0
3,304,5,5,1
3,304,7,7,1
3,304,5,4,0
3,304,10,1,0
3,304,10,2,0
3,140,NaN,3,0
3,140,9,9,1
3,140,NaN,1,0
3,140,NaN,3,0
3,140,3,3,1
3,140,NaN,4,0
3,140,3,3,1
3,140,2,6,0
3,140,NaN,5,0
3,140,2,2,1
3,140,3,3,1
3,140,3,3,1
3,246,NaN,5,0
3,246,7,6,0
3,246,10,6,0
3,246,10,6,0
3,246,NaN,8,0
3,246,NaN,4,0
3,246,10,9,0
3,246,9,4,0
3,246,10,10,1
3,246,NaN,7,0
3,246,8,10,0
3,246,NaN,1,0
3,188,NaN,9,0
3,188,7,1,0
3,188,10,10,1
3,188,2,2,1
3,188,NaN,6,0
3,188,10,10,1
3,188,NaN,2,0
3,188,3,3,1
3,188,8,6,0
3,188,NaN,8,0
3,188,10,9,0
3,188,10,10,1
3,100,10,10,1
3,100,NaN,1,0
3,100,7,7,1
3,100,NaN,4,0
3,100,NaN,1,0
3,100,10,10,1
3,100,8,8,1
3,100,2,2,1
3,100,2,2,1
3,100,1,1,1
3,100,NaN,3,0
3,100,1,6,0
3,450,3,6,0
3,450,7,8,0
3,450,7,10,0
3,450,4,5,0
3,450,7,2,0
3,450,5,1,0
3,450,4,6,0
3,450,10,9,0
3,450,4,5,0
3,450,10,7,0
3,450,7,8,0
3,450,4,7,0
4,140,6,3,0
4,140,2,2,1
4,140,9,9,1
4,140,10,10,1
4,140,NaN,5,0
4,140,10,10,1
4,140,9,9,1
4,140,NaN,6,0
4,140,4,4,1
4,140,7,7,1
4,140,NaN,2,0
4,140,NaN,2,0
4,100,2,2,1
4,100,1,1,1
4,100,9,9,1
4,100,6,1,0
4,100,6,6,1
4,100,NaN,7,0
4,100,7,7,1
4,100,NaN,9,0
4,100,NaN,3,0
4,100,NaN,3,0
4,100,NaN,4,0
4,100,NaN,5,0
4,246,7,1,0
4,246,5,7,0
4,246,NaN,8,0
4,246,NaN,10,0
4,246,NaN,7,0
4,246,NaN,10,0
4,246,10,8,0
4,246,9,10,0
4,246,5,4,0
4,246,7,2,0
4,246,8,8,1
4,246,NaN,5,0
4,188,8,8,1
4,188,6,1,0
4,188,NaN,1,0
4,188,3,3,1
4,188,2,2,1
4,188,9,9,1
4,188,10,9,0
4,188,10,8,0
4,188,NaN,10,0
4,188,NaN,3,0
4,188,3,3,1
4,188,NaN,7,0
4,450,5,5,1
4,450,7,2,0
4,450,10,8,0
4,450,5,5,1
4,450,9,5,0
4,450,10,1,0
4,450,10,2,0
4,450,5,4,0
4,450,5,10,0
4,450,4,7,0
4,450,5,7,0
4,450,7,5,0
4,410,5,8,0
4,410,10,6,0
4,410,4,6,0
4,410,4,9,0
4,410,5,7,0
4,410,NaN,9,0
4,410,6,9,0
4,410,7,8,0
4,410,4,6,0
4,410,10,4,0
4,410,10,10,1
4,410,10,8,0
4,304,7,10,0
4,304,3,2,0
4,304,7,1,0
4,304,8,4,0
4,304,8,5,0
4,304,4,1,0
4,304,7,6,0
4,304,3,5,0
4,304,8,3,0
4,304,8,4,0
4,304,7,6,0
4,304,7,9,0
4,362,10,3,0
4,362,7,1,0
4,362,7,8,0
4,362,5,7,0
4,362,5,6,0
4,362,7,6,0
4,362,7,6,0
4,362,5,4,0
4,362,5,5,1
4,362,9,1,0
4,362,5,3,0
4,362,4,4,1
