"participant"	"-2"	"-1"	"0"	"1"	"2"	"3"
"AM_1"	0.88834755	0.56108815	0.4686398	0.38141415	0.3032216	0.1346778
"AM_2"	0.9037363	0.5519025	0.45390135	0.3641125	0.28550925	0.12056965
"AM_3"	0.8814908	0.53364415	0.45327705	0.3790386	0.31238485	0.12412665
"BS_1"	0.89675605	0.5889839	0.49364275	0.40032285	0.31483225	0.11215195
"BS_2"	0.89028575	0.5480152	0.44558715	0.35291815	0.27280865	0.12883845
"BS_3"	0.8924682	0.53742725	0.46251765	0.3932487	0.33060115	0.14557925
"CS_1"	0.896896	0.61394165	0.4953262	0.37760415	0.2729815	0.08193815
"CS_2"	0.90069835	0.58673615	0.48309945	0.3856216	0.2994296	0.12086895
"CS_3"	0.88779855	0.5912752	0.48482355	0.38588955	0.2991848	0.1198206
"FP_1"	0.9025723	0.5414544	0.4388461	0.3448029	0.2634114	0.12056845
"FP_2"	0.90128795	0.59133275	0.4902286	0.395403	0.31128175	0.11261025
"FP_3"	0.8929869	0.56819645	0.483624	0.4025601	0.3283243	0.1221052
"JR_1"	0.9058244	0.61616015	0.49670025	0.3807842	0.27898365	0.1096013
"JR_2"	0.89105785	0.5856597	0.48691325	0.39338515	0.3097865	0.13193845
"JR_3"	0.881658	0.53310245	0.4520358	0.3770546	0.30975995	0.1380013
"NG_1"	0.890691	0.5846912	0.46793835	0.36674885	0.2812556	0.1506162
"NG_2"	0.88486755	0.5610081	0.45935905	0.36470945	0.2816395	0.1122638
"NG_3"	0.8874492	0.5528219	0.45637395	0.3652278	0.2841512	0.0988971
"SA_1"	0.89485775	0.5926461	0.48671915	0.3834593	0.2907329	0.10602915
"SA_2"	0.89816435	0.56586095	0.4510681	0.3428531	0.24973135	0.0981906
"SA_3"	0.86431155	0.53434675	0.4416076	0.3572363	0.2832613	0.1251208
