"participant"	"1"	"2"	"3"	"4"	"5"	"6"
"AM_1"	0.166666666666667	0.142857142857143	0.130434782608696	0.12	0.111111111111111	0.151515151515152
"AM_2"	0.2	0.157894736842105	0.142857142857143	0.130434782608696	0.12	0.161290322580645
"AM_3"	0.230769230769231	0.217391304347826	0.2	0.185185185185185	0.172413793103448	0.189189189189189
"BS_1"	0.166666666666667	0.142857142857143	0.130434782608696	0.12	0.111111111111111	0.117647058823529
"BS_2"	0.2	0.222222222222222	0.2	0.181818181818182	0.166666666666667	0.172413793103448
"BS_3"	0.230769230769231	0.25	0.230769230769231	0.214285714285714	0.2	0.210526315789474
"CS_1"	0	0.0588235294117647	0.0526315789473684	0.0476190476190477	0.0434782608695652	0.0344827586206897
"CS_2"	0.2	0.222222222222222	0.2	0.181818181818182	0.166666666666667	0.133333333333333
"CS_3"	0.2	0.176470588235294	0.157894736842105	0.142857142857143	0.130434782608696	0.172413793103448
"FP_1"	0.2	0.157894736842105	0.142857142857143	0.130434782608696	0.12	0.133333333333333
"FP_2"	0.2	0.222222222222222	0.2	0.181818181818182	0.166666666666667	0.161290322580645
"FP_3"	0.0769230769230769	0.130434782608696	0.12	0.111111111111111	0.103448275862069	0.135135135135135
"JR_1"	0.111111111111111	0.125	0.111111111111111	0.1	0.0909090909090908	0.111111111111111
"JR_2"	0.0909090909090908	0.157894736842105	0.142857142857143	0.130434782608696	0.12	0.161290322580645
"JR_3"	0.230769230769231	0.217391304347826	0.2	0.185185185185185	0.172413793103448	0.166666666666667
"NG_1"	0.25	0.285714285714286	0.25	0.222222222222222	0.2	0.25
"NG_2"	0.0909090909090908	0.157894736842105	0.142857142857143	0.130434782608696	0.12	0.161290322580645
"NG_3"	0.166666666666667	0.142857142857143	0.130434782608696	0.12	0.111111111111111	0.117647058823529
"SA_1"	0.0909090909090908	0.0526315789473684	0.0476190476190477	0.0434782608695652	0.04	0.096774193548387
"SA_2"	0	0.111111111111111	0.1	0.0909090909090908	0.0833333333333333	0.103448275862069
"SA_3"	0.166666666666667	0.2	0.181818181818182	0.166666666666667	0.153846153846154	0.1875
