"participant"	"-2"	"-1"	"0"	"1"	"2"	"3"
"AM_1"	0.8987168	0.58923225	0.4872588	0.38677695	0.2958584	0.11408745
"AM_2"	0.91535225	0.5886811	0.4752687	0.3656276	0.2699903	0.090367
"AM_3"	0.8992902	0.58306975	0.487852	0.3930667	0.3059216	0.09182235
"BS_1"	0.90132525	0.60595475	0.5080194	0.40889975	0.31634985	0.10420715
"BS_2"	0.90485385	0.59723455	0.47799745	0.3603153	0.2575953	0.09711105
"BS_3"	0.9098573	0.59777915	0.50826335	0.4172357	0.3312671	0.1092757
"CS_1"	0.896896	0.6166726	0.49764455	0.37874815	0.27276575	0.080361
"CS_2"	0.9112275	0.6290201	0.5173925	0.40239855	0.29656625	0.09500795
"CS_3"	0.902331	0.6338163	0.51432825	0.39391045	0.28668045	0.09008105
"FP_1"	0.91192055	0.57161305	0.45619635	0.34560185	0.250283	0.0974915
"FP_2"	0.91315655	0.6392019	0.5283426	0.41340985	0.30703585	0.0834717
"FP_3"	0.89883415	0.59378715	0.50160015	0.4097787	0.32455145	0.10151295
"JR_1"	0.9104512	0.63528055	0.510797	0.3849677	0.2733059	0.09684725
"JR_2"	0.898587	0.6193907	0.51091005	0.40178065	0.302504	0.10877445
"JR_3"	0.89877035	0.58102555	0.48580345	0.39103605	0.3039143	0.10508005
"NG_1"	0.9127705	0.66581515	0.52560075	0.37923315	0.2532986	0.10574255
"NG_2"	0.89258225	0.59192915	0.47925265	0.36886165	0.2713926	0.09212825
"NG_3"	0.89497955	0.5744322	0.47123685	0.37021115	0.2794988	0.0848051
"SA_1"	0.8982987	0.5998292	0.49107235	0.38387985	0.2875713	0.0988411
"SA_2"	0.89816435	0.5784621	0.4594125	0.3446025	0.24551205	0.0913411
"SA_3"	0.88225685	0.57935465	0.4693611	0.36229565	0.26812505	0.0945869
