"participant"	"-2"	"-1"	"0"	"1"	"2"	"3"
"AM_1"	0.888900436666667	0.548532836666667	0.476151973333333	0.434579306666667	0.32664028	0.237218183333333
"AM_2"	0.90386396875	0.599272036666667	0.50823305	0.41420102	0.350403635714286	0.211209876666667
"AM_3"	0.83468125	0.542097073333333	0.481230753333333	0.411286773333333	0.397559553333333	0.154035746666667
"BS_1"	0.90041141	0.593059273333333	0.495314026666667	0.404597866666667	0.316601596666667	0.109038573333333
"BS_2"	0.891795443333333	0.538217356666667	0.463046456666667	0.35913273	0.28947404	0.1380706
"BS_3"	0.905006016666667	0.551638696666667	0.478248226666667	0.408128626666667	0.350430886666667	0.227583446666667
"CS_1"	0.881483523333333	0.601472582142857	0.49782005	0.386136971875	0.29626229	0.12605258
"CS_2"	0.90069835	0.58673615	0.48416911	0.386156026666667	0.295911666666667	0.12086895
"CS_3"	0.865858163333333	0.561669323333333	0.496407433333333	0.422839783333333	0.32999491	0.196090833333333
"FP_1"	0.907558033333333	0.57538064	0.491613183333333	0.47287965	0.34459163	0.46240075
"FP_2"	0.903202733333333	0.56320454	0.513480153333333	0.468397576666667	0.418237496666667	0.390473023333333
"FP_3"	0.89216868	0.584853083333333	0.49523843	0.48242381	0.414099946666667	0.42427511
"JR_1"	0.90537897	0.622505696666667	0.50208312	0.407483573333333	0.29937838	0.103297176666667
"JR_2"	0.836101916666667	0.536741956666667	0.479323976666667	0.46497709	0.4459762	0.413087693333333
"JR_3"	0.82491031	0.53198148	0.47264885	0.40704778	0.362987573333333	0.155777246666667
"NG_1"	0.892162966666667	0.6229557	0.484267366666667	0.404523163333333	0.32767555	0.225889603333333
"NG_2"	0.88751956	0.56922982	0.489910496666667	0.39643905	0.332492956666667	0.146177106666667
"NG_3"	0.891882643333333	0.572201143333333	0.46907818	0.391198943333333	0.300916396666667	0.101675906666667
"SA_1"	0.869301703333333	0.5632009	0.493754063333333	0.431658666666667	0.356239713333333	0.225665553333333
"SA_2"	0.62860595	0.543097646666667	0.472458673333333	0.408003783333333	0.3751377	0.19976372
"SA_3"	0.82983993	0.547170136666667	0.508352973333333	0.45510094	0.357706106666667	0.29606567
