"participant"	"1"	"2"	"3"	"4"	"5"	"6"
"AM_1"	0.166666666666667	0.142857142857143	1	1	1	1
"AM_2"	0.2	0.157894736842105	1	1	1	1
"AM_3"	0.230769230769231	0.217391304347826	1	1	1	1
"BS_1"	0.166666666666667	0.142857142857143	0.130434782608696	1	1	1
"BS_2"	0.2	0.222222222222222	1	1	1	1
"BS_3"	0.230769230769231	0.25	0.230769230769231	1	1	1
"CS_1"	0	0.0588235294117647	1	1	1	1
"CS_2"	0.2	0.222222222222222	0.2	1	1	1
"CS_3"	0.2	0.176470588235294	0.157894736842105	1	1	1
"FP_1"	0.2	0.157894736842105	1	1	1	1
"FP_2"	0.2	0.222222222222222	0.2	1	1	1
"FP_3"	0.0769230769230769	0.130434782608696	0.12	1	1	1
"JR_1"	0.111111111111111	0.125	0.111111111111111	1	1	1
"JR_2"	0.0909090909090908	0.157894736842105	0.142857142857143	1	1	1
"JR_3"	0.230769230769231	0.217391304347826	1	1	1	1
"NG_1"	0.25	0.285714285714286	0.25	1	1	1
"NG_2"	0.0909090909090908	0.157894736842105	1	1	1	1
"NG_3"	0.166666666666667	0.142857142857143	1	1	1	1
"SA_1"	0.0909090909090908	0.0526315789473684	1	1	1	1
"SA_2"	0	0.111111111111111	1	1	1	1
"SA_3"	0.166666666666667	0.2	1	1	1	1
